1 29.8089074 55.8064986
2 29.8048719 55.8043767
3 29.782602 55.8074572
4 29.773959 55.7932329
5 29.795815 55.7539836
6 29.7841203 55.7906762
7 29.7987962 55.7979289
8 29.7843792 55.8074991
9 29.8000232 55.8072845
10 29.8040657 55.7485731
11 29.8143412 55.8084861
12 29.7969982 55.768946
13 29.7866809 55.7719838
14 29.7924024 55.7970634
15 29.8049618 55.8073563
16 29.8080889 55.8121407
17 29.8162588 55.8168975
18 29.8026923 55.8050301
19 29.7819246 55.8011905
20 29.8015896 55.7416257
21 29.8027945 55.7655805
22 29.8099101 55.8081428
23 29.814343 55.8047524
24 29.800074 55.818657
25 29.7983102 55.8146659
26 29.7938801 55.77147
27 29.7855524 55.805534
28 29.8008114 55.7463723
29 29.8018126 55.7584897
30 29.8034988 55.7545631
31 29.7916666 55.811668
32 29.790303 55.8080569
33 29.772685 55.7859556
34 29.8071492 55.8067382
35 29.815618 55.7700745
36 29.7991306 55.7959213
37 29.7988964 55.8047603
38 29.8055502 55.7517036
39 29.7978353 55.8079315
40 29.8051998 55.8093381
41 29.8077462 55.8087663
42 29.8035777 55.7684673
43 29.7941018 55.8124343
44 29.7851224 55.8028037
45 29.7881481 55.8050298
46 29.805516 55.8107177
47 29.80115 55.8084603
48 29.8024066 55.7899896
49 29.8072734 55.8009453
50 29.8100644 55.8038757
51 29.7891154 55.7746974
52 29.8076186 55.7500462
53 29.806838 55.8174554
54 29.8019025 55.8012692
55 29.8182546 55.7980545
56 29.7659417 55.7842537
57 29.7936802 55.7941115
58 29.8022815 55.808207
59 29.7829063 55.782892
60 29.80321 55.740151
61 29.7780027 55.7974143
62 29.5895512 55.4880895
63 29.5897106 55.4783178
64 29.589412 55.482502
65 29.58596 55.4876733
64 29.5811829 55.4882741
65 29.5832169 55.4813218
66 29.6787566 55.5403968
67 29.4366819 56.3498025
68 29.625933 55.950469
69 30.0969646 55.6473757
70 29.7251377 55.4745258
71 29.9151155 55.4861423
72 29.8550889 55.3772032
73 29.8281101 55.4765005
74 29.80096 55.32845
75 29.7496847 55.4136925
76 29.739635 55.326114
77 29.891994 55.253763
78 29.811168 55.188327
79 29.6534912 55.462421
80 29.694959 55.2895
81 29.9719 55.5538
82 29.97785 55.55981
