1 29.8182546 55.7980545
2 29.7659417 55.7842537
3 29.7936802 55.7941115
4 29.8022815 55.808207
5 29.7829063 55.782892
6 29.80321 55.740151
7 29.7780027 55.7974143
8 29.5895512 55.4880895
9 29.5897106 55.4783178
10 29.589412 55.482502
11 29.58596 55.4876733
12 29.5811829 55.4882741
13 29.5832169 55.4813218
14 29.6787566 55.5403968
15 29.4366819 56.3498025
16 29.625933 55.950469
17 30.0969646 55.6473757
18 29.7251377 55.4745258
19 29.891994 55.253763
20 29.811168 55.188327
21 29.6534912 55.462421
22 29.694959 55.2895
23 29.9719 55.5538
24 29.8040657 55.7485731
25 29.8077462 55.8087663
26 29.8089074 55.8064986
27 29.8048719 55.8043767
28 29.782602 55.8074572
29 29.773959 55.7932329
30 29.795815 55.7539836
31 29.7841203 55.7906762
32 29.7987962 55.7979289
33 29.7843792 55.8074991
34 29.8000232 55.8072845
35 29.8034988 55.7545631
36 29.7916666 55.811668
37 29.790303 55.8080569
38 29.772685 55.7859556
39 29.8071492 55.8067382
40 29.815618 55.7700745
41 29.7991306 55.7959213
42 29.7978353 55.8079315
