#Naive solution for the Travelling Salesman Problem (TSP)
#n time_s_avg time_s_std result_avg result_std (for 3 trials)
1 4.744333333898491e-06 2.1629583408034285e-06 0.0 0.0
2 3.605000226040526e-06 4.704048475796456e-07 110.68405166467839 22.32429260747445
3 5.6919998314697295e-06 1.1113048344715366e-07 157.16793043159586 36.441860999141994
4 1.1396666801980851e-05 1.509864206300223e-06 183.6846931357414 36.86168969516541
5 2.588566682485786e-05 7.641972295974573e-07 211.15082525752166 38.70099487050744
6 8.090166647889419e-05 6.87645728987118e-07 230.4776875314686 19.879274015808054
7 0.0004566356668268175 5.1902780153083866e-06 260.22702142144567 30.689518256335802
8 0.006704848999712946 0.004077435294113424 229.4167517096158 33.039505302674115
9 0.03107329600000715 0.0006921336521194775 242.56825297114403 40.45160205329084
10 0.29497202366655983 0.0005360773973203004 285.4151838617592 13.910974116707868
